61435460791
61422552927
61402570960
61422655289
61403125398
61432367258
61431613048
61481821998
61434646990
61435996885
61403291648
61432995261
61403664552
61413426257
61402148183
61435485555
61403412286
61421189515
61402817524
61412687672
61434707646
61468590346
61411421875
61422699616
61402579578
61422224652
61401660975
61431542111
61434936685
61402000325
61421962803
61431248967
61431175976
61466250026
61431369383
61413589469
61403368742
61413980518
61435950353
61431360802
61434573854
61401783542
61413694089
61466987583
61413822619
61411230378
61401487968
61423629429
61432816889
61422966879
61423110224
61466025871
61403354996
61401593303
61402021089
61422997556
61401708453
61401684604
61402472770
61422321877
61402553829
61413462903
61422446114
61421916384
61431169775
61431127554
61421224456
61431716895
61435510266
61401124188
61431285681
61434358517
61402300588
61411890162
61434485504
61411288135
61466332484
61481819880
61431823299
61466896459
61431918041
61402376402
61411613267
61468311303
61422797533
61421821588
61421449764
61421650476
61423636938
61422921181
61481228370
61401281670
61434709544
61422082985
61402865602
61402247619
61411878749
61403744456
61422098960
61401063834
61431213291
61413605562
61431160613
61413028372
61403336715
61422551575
61423093392
61466189306
61412939781
61421796207
61403396545
61422165457
61468454232
61413770481
61434901030
61431888244
61421480506
61421990725
61411143967
61423370731
61403836058
61431631785
61435890476
61478841471
61481865216
61413792409
61422639486
61401575481
61421424311
61432950691
61401587446
61468304243
61468587378
61411670029
61411341715
61401961954
61434150934
61421852582
61466521757
61432938793
61401238306
61403354996
61423391932
61412849886
61432924469
61411599792
61411240972
61431697569
61402363329
61468849480
61413167717
61434528932
61401009669
61401408675
61401137188
61411490505
61402637008
61411722613
61412571273
61403347542
61435914694
61431723938
61468786685
61478183115
61403284510
61481087571
61423423817
61421770013
61413761837
61403312568
61432844940
61481580045
61402853863
61421496940
61411018379
61434821533
61432335873
61403548528
61421033365
61413752477
61403680677
61432905009
61422160607
61403978728
61402117543
61413062298
61412616267
61422307377
61402036820
61435463271
61421126202
61466387389
61435273616
61421025633
61466662370
61466053575
61423076266
61413249150
61434255423
61411675889
61466590302
61478118858
61478691496
61401606365
61412699831
61432851492
61423623740
61481284056
61434634294
61401735789
61412150290
61411585733
61411348611
61401431965
61422699058
61402192347
61423127193
61401344907
61466598616
61412958428
61432556547
61434669622
61403567730
61422274584
61413296311
61432394463
61402748443
61412898024
61411791965
61421764366
61413934405
61481345815
61413834450
61481956748
61411687048
61421668841
61421743634
61431080625
61478168491
61421472116
61401386223
61421220381
61413073689
61431059232
61434408811
61434774608
61431913886
61421526410
61422105639
61466626639
61434877965
61413888555
61435386624
61412143775
61411585733
61413153600
61402019494
61423643701
61435577090
61403959397
61421212886
61411175661
61412606489
61422279766
61422141864
61434850512
61421182047
61401075694
61412737542
61411252815
61421735563
61468526143
61434512354
61423010889
61432110138
61413044102
61432089068
61413941190
61411731020
61413150188
61435910724
61401711982
61434959732
61431132908
61411450892
61403298229
61435773038
61468823835
61481365374
61423102817
61432972394
61412206386
61431377146
61432048695
61468721743
61412216321
61422543592
61412805513
61412216321
61435683899
61478571177
61412366249
61411073483
61412666677
61402821428
61423876887
61421637942
61434757212
61432593965
61403880799
61434820267
61401050917
61432588156
61435138646
61403790931
61468498787
61411254603
61422742170
61434780514
61431313010
61432425666
61412206386
61402639082
61401556796
61403434261
61434829975
61421595283
61422565009
61412886046
61402383025
61423914775
61412073013
61402851896
61411363549
61423949520
61411691907
61431452913
61411211585
61431452913
61411244994
61482019934
61431438665
61435457481
61421793871
61481308406
61431151194
61421135422
61421228810
61466090501
61431452913
61402041904
61411850515
61434217507
61413155606
61466285650
61431488449
61403080488
61468791481
61423864328
61413773340
61423396152
61401601376
61431913886
61435592613
61423625809
61411382324
61423033431
61481311700
61413669516
61413644094
61423473804
61423821835
61431345686
61434512354
61412345286
61413005488
61434040689
61413285499
61431311239
61432314495
61481352545
61432517290
61435069954
61412492341
61434128728
61466453871
61411065283
61412158152
61413104384
61431178366
61402351991
61423162231
61422684604
61423875979
61402321288
61401605810
61401054638
61403848163
61402592965
61412849729
61412214958
61421124225
61403582552
61431303913
61481832045
61412488673
61431309464
61481863404
61478947314
61432751789
61402597043
61468317509
61401253316
61402859288
61401493131
61413701145
61403688131
61422093771
61423864317
61434903250
61434929069
61422443497
61421033129
61412667710
61422438224
61481843232
61411391595
61435542769
61478819119
61402371723
61422151252
61411043229
61412843831
61422696440
61412518867
61422628480
61431210230
61403598510
61422542336
61411101937
61411439229
61468825515
61422011925
61435531915
61481105527
61402349126
61413257622
61423776666
61478565629
61402810923
61421929573
61402726567
